len	level1_homolog_known_miRNA	level1_known_miRNA	level1_novel_miRNA	level2_known_miRNA	level2_novel_known_miRNA	level2_novel_miRNA	level3_homolog_known_miRNA	level3_known_miRNA	level3_novel_known_miRNA	level3_novel_miRNA	non-hairpin	other_RNA	rRNA	repeats	scRNA	senseRNA	senseRNAnc	siRNA	siRNAnc	snRNA	snoRNA	tRNA
18	2	496.0666667	0	769.2509921	0.6814522	501.5282382	0	437.4545877	45.97205834	94430.80506	76608.17691	44.58431837	28610.55496	148283.6313	90.05555556	3343.51465	1175.727363	211.204647	72.44681348	686.8251304	435.0660714	2247.811011
19	30	1432.583333	0	3659.045178	2.573021239	1297.870996	0	664.631583	32.63830473	158445.3435	50332.90749	45.60111347	20678.47448	179211.7337	83.84722222	3682.898746	1401.420494	100.328512	43.39482923	530.9050682	731.0285714	3053.431763
20	27	10725.33333	7	12249.12903	2.667713697	623.0026027	0	1667.684398	231.2868864	45892.02563	49113.92306	46.83287026	16616.3036	192186.6076	99.59920635	4313.168424	1636.141024	63.81094603	47.8790183	625.3418634	563.8806452	2511.839734
21	27	31466.83333	27.5	60534.52041	9.930365297	505.9768375	0	47300.10921	61.02410426	84044.60624	57018.38755	59.33141026	18452.5205	304993.6247	477.2142857	4582.633968	1816.9927	96.76323498	60.50079183	772.1740281	608.7302827	1170.471913
22	3	98559.66667	75	87627.91667	3.3	887.1208977	6	6300.230201	308.7625619	165064.264	108094.2199	60.37017768	17679.99492	461998.2823	552.1924603	4938.912088	2078.102904	102.1044477	75.79459626	557.1573192	661.0493025	1207.70558
23	131	16981.33333	4	22398.66667	44.52916667	183.832094	0	39136.08764	71.27311376	377029.4245	155974.7612	49.94013949	20127.82609	711351.5999	712.3650794	5996.507057	2388.377197	168.6237852	60.14496733	740.1745023	871.474026	1476.167924
24	8	3708.833333	11	7127	149.4923168	318.7579689	1	3645.543792	17.09288416	326479.1761	286891.3976	57.59242424	13758.77386	1574477.458	545.0654762	7713.901211	3323.805675	238.358248	83.64132963	1094.097222	935.3178571	2469.475139
25	0	103	1	750.5	93.57142857	76.55682248	0	1060.2857	16.82952055	462057.8405	376419.4288	58.07166224	12757.0009	1980888.363	244.6309524	8159.215087	3530.731226	303.9058667	136.7313717	1708.38921	959.8055556	2436.431932
26	0	3	3	112	5.5625	29.15222797	0	250.2496392	2.9375	242189.0453	263196.4561	43.97035465	8432.311709	1213642.785	344.6428571	3852.872969	1888.202669	154.1821544	85.60988056	842.1022739	488	1236.363323
27	0	1	0	19	0	12.04545455	0	58.0036075	0	74951.51337	54152.758	50.06742424	3532.90559	186317.0167	70.38095238	1073.296104	540.4190476	64.01682443	10.51515152	219.2457197	633	1100.228042
28	0	3	0	3	0	2	0	90.79548785	3	23458.73574	36431.60405	27.68888889	3749.427594	159033.5902	195.5	1813.738496	803.3976809	24.56056	14.01960784	401.8270394	1068.111111	701.9739973
29	0	1	0	0	0	0.4	0	160.6074786	0	15412.3679	21184.96345	28	4285.42475	93465.36013	70.5	1902.962013	856.634107	19.24074074	12	705.4282386	666	2623.298834
30	0	0	0	0	0	0.007142857	0	86.21007326	1	17705.81436	13391.54519	16.28888889	3365.968061	76716.21291	65.6	1682.144462	766.8979178	19.5	7.011428571	562.5001326	484.4068627	350.4206004
31	0	0	1	0	0	0	0	47.72142857	0	6018.014862	8243.032337	7.488888889	1762.249492	33858.43859	46.5	1002.484151	491.0718364	14.01515152	6	125.3557927	328	249.3818182
32	0	0	0	0	0	0	0	67.75079365	0	4039.121335	5243.500108	51.75714286	3580.670502	45225.01019	453.1666667	682.4216753	384.3377345	10.5	5	255.7493249	198.7777778	358.7967634
